[gd_scene load_steps=3 format=3 uid="uid://cchar_custom_showcase"]

[ext_resource type="Script" uid="uid://cchar_custom_script" path="res://scripts/cinematics/character_customization_showcase.gd" id="1_script"]

[sub_resource type="Environment" id="Environment_1"]
background_mode = 1
background_color = Color(1, 0.9372549, 0.8392157, 1)

[node name="CharacterCustomizationShowcase" type="Node3D"]
script = ExtResource("1_script")

[node name="Camera3D" type="Camera3D" parent="."]
transform = Transform3D(1, 0, 0, 0, 0.984808, 0.173648, 0, -0.173648, 0.984808, 0, 1.2, 4)
environment = SubResource("Environment_1")
current = true
fov = 35.0

[node name="DirectionalLight3D" type="DirectionalLight3D" parent="."]
transform = Transform3D(0.866025, -0.25, 0.433013, 0, 0.866025, 0.5, -0.5, -0.433013, 0.75, 2, 3, 2)
shadow_enabled = true

[node name="FillLight" type="DirectionalLight3D" parent="."]
transform = Transform3D(0.866025, 0.25, -0.433013, 0, 0.866025, 0.5, 0.5, -0.433013, 0.75, -2, 2, 1)
light_color = Color(0.9, 0.95, 1, 1)
light_energy = 0.5
